sum,pcc,linear,1,,
0.14008289219728132	0.719251001771937
0.5326656771775612	0.13981670365566434
-0.6245183393269063	0.07218694045759279
0.3652693206908113	0.33372687160293674
0.6504661957916099	0.08072913394731034
0.6610172138745932	0.07430141565140298
0.20890956928615417	0.6195421937653408
0.12365451793778526	0.7705003525245743
-0.006806534069247611	0.9872381427887787
0.07525384699283029	0.8594308483125285

sum,pcc,poly,1,,2
0.19577234334116403	0.6136952171081033
0.04862124970750058	0.901144527349044
-0.4420791828994303	0.2334832439220696
0.11675468943560963	0.7648346685875749
0.5609117368746723	0.1480633312351964
-0.20129531687007582	0.6326429028870999
0.11967378772723297	0.7777448753354557
-0.11056982832342203	0.7943651145554156
0.24251305755183167	0.5628019788049116
-0.045233483873697924	0.9153028352082984

sum,pcc,poly,10,,2
0.15132505912569427	0.6975454304576021
0.14521851826026172	0.7093129917859056
-0.6463464921781137	0.05997883418132044
0.3526443682557129	0.3519441281961087
0.5720869053933144	0.13840071771724113
0.3091423704745508	0.4562297670062207
0.407130437179413	0.31679072766221605
-0.3407752411913466	0.4087899148193786
-0.007285653224077281	0.9863398836070136
-0.1820893561726855	0.6660542041376458

sum,pcc,poly,100,,2
0.21370221685520466	0.5808790097517231
0.430838095833341	0.24698472975416325
-0.6558823822774499	0.05508601662054236
0.5010612671000412	0.16941933065788617
0.5692152697959703	0.14084927767509905
0.29936250291826727	0.4713289995681783
0.21883196233779761	0.6026010103296757
-0.25714606334570544	0.5386839413708976
-0.3849269335964979	0.3463856711021505
-0.10508773653378768	0.8044063495531695

sum,pcc,poly,1,,3
0.2217789185798891	0.5663068866290034
0.011611286918899358	0.9763483379680115
-0.4782960715285323	0.19278826859429118
0.3153540563407669	0.4084526110398048
0.509414858370655	0.19722641933746013
-0.2618876880279224	0.5309506341026553
-0.10260719711984437	0.8089575814857515
-0.07906872969204479	0.8523628815854525
0.19302071935489196	0.6469748935695999
0.035551598572690746	0.9333968991787731

sum,pcc,poly,10,,3
0.202106754978841	0.6020300889718816
-0.029504747478017526	0.9399370087484884
-0.6332316540827769	0.06714329708387963
0.36361564467548163	0.33608602188258
0.5158549516581142	0.19066391896896764
0.2936163366225876	0.48029206501901395
0.3562038108424155	0.3864618693923738
-0.34522992255242646	0.40228715454368263
0.01772949520628568	0.9667641620823944
-0.31137402127063735	0.4528122234088881

sum,pcc,poly,100,,3
0.20707646219825993	0.5929323413869259
0.258122967555037	0.5024841878828116
-0.2583340200990827	0.5021223659859693
0.4668505294697192	0.2051837087442153
0.5243856487432077	0.18215244838753078
0.278844114634513	0.5036366787223291
0.3220667939036723	0.43658409296833145
-0.5434177780886515	0.16391217672023925
-0.17628837655312155	0.6762437183523643
-0.14931668750831256	0.7241647348398267

sum,pcc,rbf,1,0.01,
0.1906104481820552	0.6232569950362288
0.026974424424923475	0.9450814629245459
0.4554967334341876	0.2179054057594103
0.07562221386352952	0.8466759735599899
0.8603598781860469	0.006114222071569011
-0.012743706748843488	0.9761081367251896
-0.0055137040334962695	0.9896620144624614
-0.09893719154913344	0.8156997776990164
0.49862243781828963	0.20848681540229572
-0.20071124752337993	0.6336513289038729

sum,pcc,rbf,10,0.01,
0.09863322273590819	0.8006879158464442
0.490104138148468	0.1804531927013165
0.43000277962018885	0.248004321352256
0.2932387153680726	0.4437864869876519
0.8425835507980746	0.008636837598504227
-0.025144498064472803	0.9528739342385213
0.1802010688633371	0.6693661975986565
0.13338584782178642	0.7528521670287215
0.2007606246197653	0.6335660576968501
-0.11667001601006628	0.783220738254665

sum,pcc,rbf,100,0.01,
0.09863322273590819	0.8006879158464442
0.49026042284313476	0.1802930222674067
0.43000277962018885	0.248004321352256
0.29907245948235106	0.43433914613867286
0.847925454692456	0.00782011439354591
-0.025144498064472803	0.9528739342385213
0.1802010688633371	0.6693661975986565
0.13338584782178642	0.7528521670287215
0.2007606246197653	0.6335660576968501
-0.1140551160046818	0.7879940370928606

sum,pcc,rbf,1,0.1,
-0.030405896642667934	0.9381053185529186
0.1100967368600171	0.7779659720938169
0.0016261648859580355	0.9966872113978246
0.09763522566339618	0.802672422749068
0.6243099192113184	0.09801914923695501
0.3358244515159864	0.41606944901107984
-0.005878501169504266	0.9889780642321065
-0.07188662435340872	0.8656762188843077
0.6081254887313732	0.10969464002630559
-0.4883936509035697	0.21946124799426334

sum,pcc,rbf,10,0.1,
-0.02583803950823038	0.9473924531532524
0.11329792882970932	0.7716460788635336
0.03214983344648826	0.9345612846414194
0.10514110215243841	0.7877716814659828
0.6008022789901714	0.11522477654171581
0.34686723664555646	0.3999084223265608
-0.07099320228538328	0.8673343297127326
-0.08696250149816762	0.8377655094976226
0.5831765513806526	0.12916835600797952
-0.4848572718811551	0.22332341822621546

sum,pcc,rbf,100,0.1,
-0.02583803950823038	0.9473924531532524
0.11329792882970932	0.7716460788635336
0.03214983344648826	0.9345612846414194
0.10514110215243841	0.7877716814659828
0.6008022789901714	0.11522477654171581
0.34686723664555646	0.3999084223265608
-0.07099320228538328	0.8673343297127326
-0.08696250149816762	0.8377655094976226
0.5831765513806526	0.12916835600797952
-0.4848572718811551	0.22332341822621546

sum,pcc,rbf,1,1,
0.5759610403747973	0.10458181303681499
0.30348697688268367	0.42724994983415115
0.17657815801828503	0.6494940075290087
0.08121706842257201	0.8354527244107501
0.3595481314676206	0.3816946342520159
-0.3090955511081872	0.4563015781059575
-0.6144394592582685	0.10505038218559803
0.6244851130001141	0.09789686752149063
-0.46434420348654093	0.24640912944561955
-0.5292030274007884	0.17743754863141203

sum,pcc,rbf,10,1,
0.5759664100194993	0.10457781958250313
0.3091258531974497	0.41827044629157173
0.17674334425268387	0.6491831372753869
0.0811588290283708	0.8355694232798918
0.359607973174077	0.3816095702236448
-0.30944078118720697	0.45577217552670096
-0.6236650835045914	0.09846998700450764
0.6245066441565781	0.09788184526154263
-0.46371261924485785	0.2471382764372409
-0.5292030266963487	0.17743754931602124

sum,pcc,rbf,100,1,
0.5759664100194993	0.10457781958250313
0.3091258531974497	0.41827044629157173
0.17674334425268387	0.6491831372753869
0.0811588290283708	0.8355694232798918
0.359607973174077	0.3816095702236448
-0.30944078118720697	0.45577217552670096
-0.6236650835045914	0.09846998700450764
0.6245066441565781	0.09788184526154263
-0.46371261924485785	0.2471382764372409
-0.5292030266963487	0.17743754931602124

sum,pcc,rbf,1,10,
nan	nan
nan	nan
nan	nan
nan	nan
nan	nan
nan	nan
nan	nan
nan	nan
nan	nan
nan	nan

sum,pcc,rbf,10,10,
nan	nan
nan	nan
nan	nan
nan	nan
nan	nan
nan	nan
nan	nan
nan	nan
nan	nan
nan	nan

sum,pcc,rbf,100,10,
nan	nan
nan	nan
nan	nan
nan	nan
nan	nan
nan	nan
nan	nan
nan	nan
nan	nan
nan	nan

max,pcc,linear,1,,
-0.6186008122967195	0.07574326194890588
0.3015929094217735	0.4302852473920818
-0.20473418980317587	0.5972141849175426
0.3579459579482033	0.3442364848979949
0.8057730128857409	0.015752928830980183
0.4517159574325824	0.2611941111031344
0.23662698962233208	0.5726078185863603
0.11659956820347092	0.7833492585275064
0.43448282553254225	0.28206301686820867
-0.41428166738678507	0.3075242132459782

max,pcc,poly,1,,2
-0.44413276250191097	0.23106099664109836
0.4217319607032779	0.2582208764061417
-0.35376976743686345	0.35030104169172094
0.3975630530037362	0.289324920618188
0.8922195126208836	0.0028825461773244725
0.3068235057749771	0.4597919325935035
0.16635132472917005	0.6937977463545832
0.27745078885288393	0.5058605657596813
0.3572304934777311	0.38499557895775743
-0.2210398863422577	0.5988519739337708

max,pcc,poly,10,,2
-0.5725554239976463	0.10713323419550361
0.49684152866216635	0.17362160243975236
-0.38511836125505994	0.30605608043618565
0.4797102568564243	0.19128669412535548
0.8777992994779404	0.004154164578192387
0.33890228636095	0.41153738811414353
0.15500889029561685	0.713980416042766
0.3488299676389682	0.3970650030274589
0.2998606083417419	0.47055520157440767
-0.24036307726634634	0.5663769096423333

max,pcc,poly,100,,2
-0.5725554239976463	0.10713323419550361
0.49684152866216635	0.17362160243975236
-0.38511836125505994	0.30605608043618565
0.4797102568564243	0.19128669412535548
0.8777992994779404	0.004154164578192387
0.33890228636095	0.41153738811414353
0.15500889029561685	0.713980416042766
0.3488299676389682	0.3970650030274589
0.2998606083417419	0.47055520157440767
-0.24036307726634634	0.5663769096423333

max,pcc,poly,1,,3
-0.32705257908060287	0.3903005685463308
0.5366691405085888	0.13630182191843002
-0.5218207066442173	0.14960316616485977
0.4964316962833641	0.17403287652020993
0.8751907437033875	0.004416874892822036
0.2512636271732863	0.548334051094271
0.10491904876979369	0.8047157029239347
0.336476562264137	0.4151074544380035
0.26851487143922254	0.5202111507868725
-0.20754184331563996	0.6218891185697096

max,pcc,poly,10,,3
-0.35790218271236374	0.3442997862936578
0.5591163949713819	0.11756621214483816
-0.5205742757978092	0.1507527836405995
0.4945335402279942	0.17594495521745832
0.8504569122414978	0.007450970276440076
0.27824922804715896	0.5045857199538601
0.11384901513795712	0.7883705054929723
0.30296533789789976	0.4657435327304511
0.22124298887025368	0.5985074925691164
-0.1910750618710117	0.6503588599808128

max,pcc,poly,100,,3
-0.35790218271236374	0.3442997862936578
0.5591163949713819	0.11756621214483816
-0.5205742757978092	0.1507527836405995
0.4945335402279942	0.17594495521745832
0.8504569122414978	0.007450970276440076
0.27824922804715896	0.5045857199538601
0.11384901513795712	0.7883705054929723
0.30296533789789976	0.4657435327304511
0.22124298887025368	0.5985074925691164
-0.1910750618710117	0.6503588599808128

max,pcc,rbf,1,0.01,
-0.25634093721759255	0.5055434487384828
0.1308750907075814	0.7371597532573411
0.37006630607473	0.3269299539957377
0.1888963178944292	0.6264430929780254
0.7107233688635144	0.04814729891958509
0.3395021870820769	0.4106565216119514
0.0652746851807183	0.877957172616096
-0.1777742527630616	0.6736295930407429
0.442283113424335	0.2725188362698579
-0.229693005748087	0.5842337891359304

max,pcc,rbf,10,0.01,
-0.2949865920551463	0.440946545607034
0.21428080466898852	0.5798306590927687
-0.22897601332561324	0.5534367482298995
0.2328113497685765	0.5466235707220947
0.8210681772559137	0.012468759166835819
0.28213200247795994	0.49840375215992383
0.15303571946353178	0.7175066564327955
-0.04613166196691024	0.9136257731950757
0.413538216662605	0.30848146382531694
-0.27047784862420926	0.5170457845992494

max,pcc,rbf,100,0.01,
-0.6829113349331686	0.0426208629509537
0.38152339627952636	0.3109785103839724
-0.1305581344752534	0.7377782213097979
0.4851136840066232	0.1856101772387238
0.7462977583210659	0.03345008643573686
0.2208916971430937	0.5991033580719628
0.26717686482229025	0.5223728604790397
0.330017540710945	0.4246775574210235
0.4016798951071516	0.3239410576286834
-0.2767630733243874	0.506959603781171

max,pcc,rbf,1,0.1,
-0.1832511610074242	0.6369735041740797
0.16955113042892078	0.6627612707724332
0.049151146619276165	0.9000714683500202
0.2151454280114737	0.5782653065668139
0.8795348310325628	0.003985082974961317
0.0691367702807213	0.8707810463317517
0.05951710290669249	0.888668685213124
-0.022405426297427478	0.9580038830675462
0.5344747000701733	0.17235401149950058
-0.1918371868695912	0.6490327158404378

max,pcc,rbf,10,0.1,
-0.6328235642412966	0.06737442542767726
0.3555034500668636	0.3477771695035935
0.019491732732676265	0.9603043378728499
0.5009537284887532	0.1695256927152433
0.8130028907534654	0.014140327473453186
-0.12037515486014572	0.7764674284241325
0.1822888136137018	0.665704636509417
0.4560049570282732	0.2561240970345027
0.4632199780354025	0.24770777346829503
-0.1969375973743308	0.6401785524951842

max,pcc,rbf,100,0.1,
-0.6328235642412966	0.06737442542767726
0.3555034500668636	0.3477771695035935
0.019491732732676265	0.9603043378728499
0.5057865358079546	0.16478352931053195
0.8119473320537185	0.01436896435156272
-0.12037515486014572	0.7764674284241325
0.1822888136137018	0.665704636509417
0.46723229668905175	0.2430887977070956
0.4632199780354025	0.24770777346829503
-0.1969375973743308	0.6401785524951842

max,pcc,rbf,1,1,
-0.16403866170247544	0.6732262834908864
-0.1697604927025363	0.6623647927604814
0.04297858743934546	0.9125794023665907
0.35748044809312546	0.3449099290068873
0.6053020012199817	0.11180852742028047
-0.019671978510892495	0.963124555180813
-0.3080930408419975	0.45784032078380876
0.35878256411293163	0.3827836175176808
0.5953290736050174	0.11945869840437041
-0.13083447313333024	0.7574704616671007

max,pcc,rbf,10,1,
-0.24534852076019237	0.5245784129311221
-0.090337508084419	0.8172129122958538
0.048446391071500394	0.901498652426011
0.44978100101209206	0.22446958129500813
0.5438530038909887	0.1635072007329033
0.005533202046213003	0.9896254579192942
-0.2550964926394512	0.5420392410467569
0.3814423663427017	0.35114143312898255
0.5774365512078267	0.13390270527906248
-0.12562962928849086	0.7669111945837607

max,pcc,rbf,100,1,
-0.24534852076019237	0.5245784129311221
-0.090337508084419	0.8172129122958538
0.048446391071500394	0.901498652426011
0.44978100101209206	0.22446958129500813
0.5438530038909887	0.1635072007329033
0.005533202046213003	0.9896254579192942
-0.2550964926394512	0.5420392410467569
0.3814423663427017	0.35114143312898255
0.5774365512078267	0.13390270527906248
-0.12562962928849086	0.7669111945837607

max,pcc,rbf,1,10,
-0.13336356851866954	0.7323086123731242
0.23522645341538614	0.5423497620509076
0.09518252493262724	0.8075537213490699
-0.006545157288331362	0.9866667910555728
-0.3952419784329591	0.3324833169837181
0.28815762136482254	0.48886830950070426
-0.17489810835692257	0.6786922006744248
0.6359395214773433	0.09009188084639322
0.7871962942028815	0.02041072381857828
-0.3775679405024241	0.35646411849065

max,pcc,rbf,10,10,
-0.15527595894604082	0.6899613272723726
0.23808663793761906	0.5373049356635582
0.07826321132778175	0.8413750614332631
0.0398336586088856	0.918958760367878
-0.42639857987001634	0.2921243428155357
0.31493845659513814	0.44737546629602787
-0.1954624441336108	0.6427356179882296
0.6398044481947649	0.08754254312830048
0.7906695540250739	0.019482242954957187
-0.36987192850966444	0.36714475709519084

max,pcc,rbf,100,10,
-0.15527595894604082	0.6899613272723726
0.23808663793761906	0.5373049356635582
0.07826321132778175	0.8413750614332631
0.0398336586088856	0.918958760367878
-0.42639857987001634	0.2921243428155357
0.31493845659513814	0.44737546629602787
-0.1954624441336108	0.6427356179882296
0.6398044481947649	0.08754254312830048
0.7906695540250739	0.019482242954957187
-0.36987192850966444	0.36714475709519084

min,pcc,linear,1,,
0.12562469027254455	0.7474213134376168
0.5260383088070357	0.1457511653708596
0.3196904569325863	0.4016797155537155
0.6015332083779225	0.08660302034448149
0.8363028349371806	0.009664089824116756
0.49664792407499214	0.2105824318943314
-0.4322263796318749	0.2848539920553191
0.43257977480035814	0.28441599375123905
0.26828140631417186	0.5205881010743744
-0.21389093835696799	0.6110183226511894

min,pcc,poly,1,,2
0.29254516460079577	0.4449155764720796
0.4838722806241222	0.18690578886882103
0.21403063321858057	0.5802838644757745
0.5817131756644173	0.10035678050003043
0.8447424018230753	0.0083005465521404
0.4226103417973298	0.29689797966109666
-0.5093029895862075	0.1973414524981389
0.43087190376766504	0.2865357784280884
0.29351056371030676	0.4804576792022407
-0.17315820993823197	0.6817598976908379

min,pcc,poly,10,,2
0.2736401743031025	0.47616796445303955
0.616991871208808	0.07672867268122634
0.1910544341913425	0.6224326250528006
0.6828987637301404	0.04262619052251124
0.8830866122419665	0.003653023500481388
0.4142365862370194	0.307582218228021
-0.47616129280914554	0.2329682524484268
0.38261056984685465	0.3495437444030649
0.21078069688957884	0.616336009787521
-0.26873588621383854	0.5198543965509672

min,pcc,poly,100,,2
0.2736401743031025	0.47616796445303955
0.616991871208808	0.07672867268122634
0.1910544341913425	0.6224326250528006
0.6828987637301404	0.04262619052251124
0.8830866122419665	0.003653023500481388
0.4142365862370194	0.307582218228021
-0.47616129280914554	0.2329682524484268
0.38261056984685465	0.3495437444030649
0.21078069688957884	0.616336009787521
-0.26873588621383854	0.5198543965509672

min,pcc,poly,1,,3
0.3153357820469999	0.40848126267552065
0.5250735057710719	0.14662716053444125
0.05682340879583933	0.8845513301450859
0.6581041452862623	0.05398374832116839
0.8574075805340147	0.006495139784512466
0.3602338768425192	0.3807203623116678
-0.39316595284965267	0.3352600825759486
0.35505267506220406	0.3881088252440181
0.2518703151972808	0.5473359357167581
-0.19563700082520918	0.6424328768289277

min,pcc,poly,10,,3
0.2777453678253927	0.4693046360676935
0.5179571654802089	0.1531833041901411
-0.05026061158649328	0.8978252200371462
0.6635942366589086	0.05132042596205279
0.8634421890422987	0.005732115480187684
0.33480565886658786	0.417574274667021
-0.3767835448009378	0.35754616569953407
0.35505267506220406	0.3881088252440181
0.0762502456648716	0.8575839809872496
-0.22726017244223545	0.5883315367796104

min,pcc,poly,100,,3
0.2777453678253927	0.4693046360676935
0.5179571654802089	0.1531833041901411
-0.05026061158649328	0.8978252200371462
0.6635942366589086	0.05132042596205279
0.8634421890422987	0.005732115480187684
0.33480565886658786	0.417574274667021
-0.3767835448009378	0.35754616569953407
0.35505267506220406	0.3881088252440181
0.0762502456648716	0.8575839809872496
-0.22726017244223545	0.5883315367796104

min,pcc,rbf,1,0.01,
-0.08572817016792007	0.8264220669463315
0.12734099574725025	0.7440630521427947
0.4390695720658837	0.23705790819897454
0.38729062947927284	0.3031009896450628
0.5896613434924349	0.12393410435508638
0.36187738354311405	0.3783898551506575
-0.04944677216893853	0.9074383120008671
-0.057716367999933016	0.8920218992770335
0.4768136734631296	0.23223742305117484
-0.23976796411721946	0.5673678382309197

min,pcc,rbf,10,0.01,
0.09144087599320341	0.8150112840355626
0.41862310169364475	0.2621178274003141
0.38466854491579183	0.3066698171407068
0.5202576486961671	0.1510456341871099
0.6418516272709773	0.08620936463093994
0.5264635711578737	0.1801106050304479
0.11143584182942182	0.7927811080169384
0.20000276766950636	0.6348752174726082
0.4825516711146086	0.22586016270059514
-0.23646654447810872	0.5728759290835238

min,pcc,rbf,100,0.01,
0.29866620122046683	0.43499414925074525
0.6940390807758615	0.03807159165802287
0.417773480974458	0.263188200146652
0.7092293817747299	0.03238682047694254
0.8762599706817646	0.004307937567723325
0.5584737455514729	0.15021920419324086
-0.5120244601125662	0.19455305221077915
0.41001962728469243	0.3130311744332288
0.33020107190740156	0.4244043492279745
-0.27500304940227877	0.50977642184414

min,pcc,rbf,1,0.1,
0.1161401915314941	0.7660445063984388
0.36625436942164363	0.33232549095857156
0.44020796581314453	0.2357023236886106
0.464389602463176	0.2079052039641579
0.6332907288011795	0.09186354620361663
0.2045383516946813	0.6270526605120372
0.014815443488552536	0.9722251081298137
0.1794081266598041	0.6707583846529184
0.5468651501648601	0.16071932731507366
-0.24965605740354596	0.5509819429258335

min,pcc,rbf,10,0.1,
0.45319467455164975	0.2205363368580041
0.6189141376309039	0.07555228390724297
0.4999781344143291	0.17049236081038346
0.6404639722089521	0.06312947264473168
0.9021719805878454	0.0021722408077601285
0.5422013572416984	0.16504693671088916
-0.4662395608253812	0.2442275347598139
0.578757433043634	0.13280481770907346
0.37775872271211086	0.3562011667050866
-0.2987675097689278	0.4722539755751695

min,pcc,rbf,100,0.1,
0.45319467455164975	0.2205363368580041
0.6189141376309039	0.07555228390724297
0.4999781344143291	0.17049236081038346
0.6404639722089521	0.06312947264473168
0.9044157189355662	0.002029709938592543
0.5422013572416984	0.16504693671088916
-0.4662395608253812	0.2442275347598139
0.578757433043634	0.13280481770907346
0.37775872271211086	0.3562011667050866
-0.2987675097689278	0.4722539755751695

min,pcc,rbf,1,1,
0.1596188653024469	0.6816522143213222
0.21089989888633193	0.585966150340806
0.504874727694089	0.16567232276936583
-0.08754300498746985	0.8227939027218701
0.7053941313600266	0.0506319593850269
-0.08366652138529818	0.8438558261321214
-0.3612548922705441	0.37927180487267576
0.48036502070100984	0.2282796683324694
0.5586232928629778	0.1500864688762477
-0.344247923731504	0.4037167622289655

min,pcc,rbf,10,1,
0.13122455493396307	0.7364780045142244
0.4698634083376451	0.2018789402410853
0.5142221415629287	0.15669121159594626
-0.07645612946376898	0.8450015850311366
0.8343552176522353	0.009997646895475732
0.06071006289603435	0.8864480225413527
-0.4374252767798553	0.2784437534566129
0.5298269024649217	0.17683179227456594
0.5437975174847888	0.16355880036670573
-0.3918662773209708	0.3370039204462203

min,pcc,rbf,100,1,
0.13122455493396307	0.7364780045142244
0.4698634083376451	0.2018789402410853
0.5142221415629287	0.15669121159594626
-0.07645612946376898	0.8450015850311366
0.8343552176522353	0.009997646895475732
0.06071006289603435	0.8864480225413527
-0.4374252767798553	0.2784437534566129
0.5298269024649217	0.17683179227456594
0.5437975174847888	0.16355880036670573
-0.3918662773209708	0.3370039204462203

min,pcc,rbf,1,10,
0.49448388963863266	0.17599512992160116
0.7386142802527068	0.02302400935758352
0.19778209297751262	0.6099858906784955
0.07938067099015672	0.8391337859830071
0.49975092366989426	0.20729403492944523
0.282299393380669	0.4981378981513741
-0.22494297964605547	0.5922434021703129
0.624198036930388	0.09809728668894656
0.1855693964217375	0.6599626958576181
-0.392340952185998	0.3363665385269985

min,pcc,rbf,10,10,
0.5133143080658693	0.1575508050815251
0.7642561303858882	0.016485804461579084
0.1974437083114232	0.6106099010016346
0.08442010286846631	0.8290388838033013
0.6056499893479576	0.11154675722275104
0.2934772952739273	0.4805097739868513
-0.23514930677859303	0.575078715132253
0.6241199140895621	0.09815186809750956
0.1855679712507223	0.6599651871839641
-0.40234802505714334	0.32306051790024737

min,pcc,rbf,100,10,
0.5133143080658693	0.1575508050815251
0.7642561303858882	0.016485804461579084
0.1974437083114232	0.6106099010016346
0.08442010286846631	0.8290388838033013
0.6056499893479576	0.11154675722275104
0.2934772952739273	0.4805097739868513
-0.23514930677859303	0.575078715132253
0.6241199140895621	0.09815186809750956
0.1855679712507223	0.6599651871839641
-0.40234802505714334	0.32306051790024737

avg,pcc,linear,1,,
0.18608232636140476	0.6316851193548935
0.46815160688561175	0.20375291798822037
-0.05742959125885841	0.8833264759037516
0.1576137829618238	0.6854848389083521
0.7698992234118232	0.025443171824187864
0.3335399321875906	0.4194470614760748
0.6112607590936924	0.10737417482839931
0.3767630313829593	0.357574483289066
0.060491572457804337	0.8868546886455099
-0.19004771485016464	0.6521477753128664

avg,pcc,poly,1,,2
0.26433627064374643	0.4918767912890609
0.4665196539403688	0.2055484595437665
-0.022197247654432428	0.9547987014792209
0.16076565314299024	0.6794630031255356
0.6637884879605271	0.07266478228111177
0.3189733662535404	0.4412537384785579
0.5315946106096086	0.17512146494682732
0.3194388587569116	0.44054974188912377
0.0929910399156947	0.8266443482520484
-0.24688836995703867	0.5555513265012959

avg,pcc,poly,10,,2
0.09009902727065419	0.8176889158647447
0.05898784729373599	0.8801788457066473
-0.2542474691669626	0.5091469256806229
0.08936422752985011	0.8191558870056889
0.7585086213256742	0.02913940603965318
0.45793365836976296	0.2538604138036467
0.3231391214953739	0.4349702017709496
0.3050043998358348	0.4625942337529351
0.28799469368237074	0.4891251989743023
-0.06696832726710492	0.8748093021039721

avg,pcc,poly,100,,2
0.1724679654417438	0.6572441034372563
0.04221423331907165	0.9141294778651928
-0.29911534375218	0.43427003006197223
0.06547752541165454	0.86708593042238
0.6834369950083427	0.061671155142304236
0.4710852048056311	0.2386948376796175
0.36383321772800753	0.37562476862029487
0.33730145963618663	0.4138919282839237
0.20976943864997405	0.6180681504097475
-0.060799277450296195	0.8862819778576957

avg,pcc,poly,1,,3
0.2012183650470755	0.6036614730985105
0.4289670205978049	0.24927169763949333
0.11278133604055257	0.7726651758692838
0.2437092586345326	0.5274408464337738
0.6576603774107271	0.07631258074161709
0.3589425380250755	0.38255594857747227
0.5293690243757863	0.17727626396942703
0.26262104307428336	0.529758232419024
0.11339339602798555	0.7892028763915935
-0.263070998624465	0.529027113368154

avg,pcc,poly,10,,3
0.1209536338736398	0.7565795774812774
0.047328809255303	0.9037623407044496
-0.25370712549690666	0.5100786864941834
0.1435734386359548	0.7124923513092857
0.7125488824417135	0.04731344217510898
0.4260424580711423	0.2925715030875286
0.2443784145216976	0.5597067209546798
0.22268631995284013	0.5960613428407586
0.2749112725114381	0.5099234678161791
-0.22179648693645987	0.5975690373619937

avg,pcc,poly,100,,3
0.18018605642985577	0.642714886690564
0.03694254380184192	0.9248268064268808
-0.2769175039902487	0.47068532509023425
0.12086601757877657	0.7567516158197064
0.6014025189720333	0.1147656977148719
0.43187282441137914	0.28529251816741946
0.27249013128121063	0.5138084321524846
0.2480643432125498	0.5536081888379099
0.1839720786904489	0.6627566583107398
-0.21620612568287279	0.6070695702485834

avg,pcc,rbf,1,0.01,
0.4801171885834777	0.1908558391313208
0.43655917193447935	0.24006211098732202
-0.05280381392669074	0.8926785852486507
0.34496567586315197	0.3632541740041995
0.5678405987966648	0.1420298427106025
0.30345755120540097	0.464982529682849
0.4202127336793489	0.2999385733923966
0.45580862471748773	0.25635509428093806
-0.08599373418605759	0.8395548811726908
-0.28364441354959563	0.4960036909063215

avg,pcc,rbf,10,0.01,
0.4785988239726305	0.19246625242807458
0.4414520907984954	0.23422564657003084
-0.14714308031175222	0.7055984152230214
0.24698695125587414	0.5217235453026559
0.610313442168808	0.10807232255000522
0.23314622782002375	0.5784339533401537
0.44263216282555273	0.2720955345429415
0.46167611401700487	0.24949678030563213
0.05386170015378815	0.8992044637795064
-0.23687763490673344	0.5721890662311657

avg,pcc,rbf,100,0.01,
0.13515276635731388	0.7288257285905132
0.357780279719552	0.3444760946885692
-0.015434861909912861	0.9685625993279728
0.18569041627468458	0.6324163203730375
0.8303117369420911	0.010713249505166434
0.4842809936924565	0.2239560851673747
0.7153814217944782	0.04603694348869641
0.42493093384277236	0.29396930831995877
0.12048150286186127	0.776273767841637
-0.02605025733704444	0.9511778606430711

avg,pcc,rbf,1,0.1,
0.4002358325257779	0.28579449575015503
0.4526446707614921	0.2211674795117386
-0.08191797017818414	0.8340484907407734
0.15227851580873258	0.6957130369559833
0.645055146177986	0.0841469475355895
0.2891596852746341	0.48728950439413543
0.30749897900773326	0.4587531323079179
0.4870395561590656	0.22093597366299403
0.12306468583019431	0.7715728844321713
-0.26965651627216114	0.5183693314710662

avg,pcc,rbf,10,0.1,
0.0745711994177575	0.8487870226436331
0.39822924817241134	0.28844286221620097
0.011700719138344667	0.9761662100224848
0.16194740520098402	0.6772092118706967
0.8348489008493869	0.009912416642711305
0.5621101681875088	0.14700986170830416
0.553812528247329	0.1543887173329677
0.4210396223159801	0.29888824374383177
0.1447822135844577	0.7323031289260911
-0.045793655719137	0.9142568599991855

avg,pcc,rbf,100,0.1,
0.1018253334533731	0.7943471052268888
0.13197081913092484	0.7350226955130055
-0.3185942031076937	0.4033870205855009
0.02797769780024304	0.9430414668634429
0.6947744285402062	0.055808835442823584
0.4980365727575505	0.20910747094969642
0.30213876701617415	0.4670226050687055
0.47954259582842707	0.22919310332471915
0.2849075526304223	0.4940026302920696
0.07934815883265522	0.8518455055758404

avg,pcc,rbf,1,1,
0.06314592067686274	0.8717868695481658
0.5018700566762678	0.16862061563864655
-0.10540850651485562	0.7872418979680758
0.15149572683039927	0.6972173343479733
0.964284346465481	0.00011086876440522363
0.5440237794309621	0.16334844336102486
0.025880573786964706	0.9514955884383435
0.4348946848364761	0.28155504368879675
0.19086512680896342	0.6507243008461041
-0.21558359882958172	0.6081305326197035

avg,pcc,rbf,10,1,
0.040294580582366665	0.9180235413216111
0.3454849369738901	0.3624839214102958
-0.28518178273983263	0.4569799087234539
0.09757818484414925	0.8027858774206879
0.768805523231918	0.025784700052392733
0.5637019730413886	0.14561700518337006
-0.011400003236649484	0.9786268457906562
0.28410287487174757	0.4952770366142501
0.284491623105011	0.4946611990610681
-0.19563765386162063	0.6424317443205683

avg,pcc,rbf,100,1,
0.040294580582366665	0.9180235413216111
0.3454849369738901	0.3624839214102958
-0.28518178273983263	0.4569799087234539
0.09757818484414925	0.8027858774206879
0.768805523231918	0.025784700052392733
0.5637019730413886	0.14561700518337006
-0.011400003236649484	0.9786268457906562
0.28410287487174757	0.4952770366142501
0.284491623105011	0.4946611990610681
-0.19563765386162063	0.6424317443205683

avg,pcc,rbf,1,10,
0.1429489029013779	0.7137003657348284
-0.10626734820709914	0.7855408660249672
-0.069581412129467	0.8588205770471539
-0.2435436618100096	0.5277303459264275
0.5063663997187526	0.20037376367168871
-0.1379385398326475	0.7446272139707777
-0.3351050713144055	0.41713178187866035
0.005884855260441524	0.9889661511358894
0.540488342208876	0.1666521567596213
-0.1681394724023347	0.6906299091659763

avg,pcc,rbf,10,10,
0.14464619068996526	0.7104186617069083
-0.08304785588800376	0.831785657603785
-0.023632124607857408	0.9518794310765314
-0.2061073673587024	0.594702608849161
0.6990264466398177	0.05369980922075159
-0.1421905826520681	0.7369644013510905
-0.3277928037564566	0.42799524436273984
0.0045699056678577404	0.991431546169622
0.5212293271111111	0.18527751677646587
-0.14479253506938752	0.7322845790366924

avg,pcc,rbf,100,10,
0.14464619068996526	0.7104186617069083
-0.08304785588800376	0.831785657603785
-0.023632124607857408	0.9518794310765314
-0.2061073673587024	0.594702608849161
0.6990264466398177	0.05369980922075159
-0.1421905826520681	0.7369644013510905
-0.3277928037564566	0.42799524436273984
0.0045699056678577404	0.991431546169622
0.5212293271111111	0.18527751677646587
-0.14479253506938752	0.7322845790366924

conc,pcc,linear,1,,
-0.3496583286488277	0.35632180451188483
0.6855836394547352	0.04149806955252427
0.1949744311926041	0.6151700067022284
0.44259368591564596	0.2328750877314184
0.8648665625514966	0.005560844786442238
0.7781047937477495	0.022970015378659704
-0.09578366706019006	0.8215010612800872
0.6945281622663273	0.05593247546617568
0.3460332053423316	0.40111935927212833
-0.18763875603634575	0.6563481594929436

conc,pcc,poly,1,,2
0.03404829070832471	0.9307043660471079
0.35187133235134616	0.35307492326352813
0.12248619335092456	0.7535718332820106
0.4227266854549013	0.25698052197939325
0.7605822388845198	0.02844342366112808
0.3667510551314043	0.37151648136095755
0.025936493676908867	0.9513908793588028
0.014698106368072283	0.9724450194220914
0.4781195861391832	0.23077800818175676
-0.19788329883014183	0.6385408750870795

conc,pcc,poly,10,,2
-0.2359170618607211	0.5411300040078298
0.6872852986585476	0.040793136322307744
-0.05755779444921494	0.8830674554499002
0.5285094041809555	0.143521518555506
0.9252765162145158	0.0009854824532566867
0.701066522663294	0.05270514230298161
-0.15103272309128468	0.7210906610732626
0.742482281377004	0.03487240348505893
0.27064066519690516	0.516783562214446
-0.18898525186422244	0.6539993630897915

conc,pcc,poly,100,,2
-0.2359170618607211	0.5411300040078298
0.6872852986585476	0.040793136322307744
-0.05755779444921494	0.8830674554499002
0.5285094041809555	0.143521518555506
0.9274806197375616	0.0009023534479437519
0.701066522663294	0.05270514230298161
-0.15103272309128468	0.7210906610732626
0.742482281377004	0.03487240348505893
0.27064066519690516	0.516783562214446
-0.18898525186422244	0.6539993630897915

conc,pcc,poly,1,,3
0.09486824652267938	0.8081796085931131
0.26907010810486476	0.4838576398991906
0.20293820359773368	0.600504650853065
0.40441592741428595	0.2803180480080341
0.7631591496748197	0.027592919513891638
0.2315524771848722	0.581108291950127
-0.1074777148109769	0.8000258122417351
-0.06016971485921771	0.8874537865289138
0.5225926318855175	0.18392422880475606
-0.13835647297163828	0.743873214474092

conc,pcc,poly,10,,3
-0.08020879905478136	0.8374734639118354
0.6730802617133987	0.046919068415926815
-0.2672811448645587	0.48688174553700764
0.5669858400506053	0.1113862336160773
0.9145342742720177	0.0014623585502010132
0.5909296950196327	0.12292453067796734
-0.1554624598041063	0.7131704675108077
0.7067196699982945	0.05000691986793031
0.23691309567297963	0.5721298305353082
-0.19263204213076024	0.6476504766181538

conc,pcc,poly,100,,3
-0.10614279691292756	0.7857875052643641
0.6680829698910944	0.049206297146608645
-0.29852570580877347	0.43522076913945457
0.5829595214697947	0.09945524571917054
0.9349191084322479	0.0006559299214699316
0.5373420824112257	0.16962236325400634
-0.1325993254487997	0.7542751905127032
0.7067196699982945	0.05000691986793031
0.17649053260958844	0.6758878953097169
-0.18668166866080876	0.6580191784202776

conc,pcc,rbf,1,0.01,
-0.1209699205200254	0.7565475989746907
0.2081013976180906	0.5910620870943848
0.36052681239013384	0.34051449393652555
0.28000648829660374	0.46554237054069003
0.6764654991619837	0.06544998719150888
0.356628107454232	0.385855597911381
0.04382475595594547	0.9179337347495478
-0.014471535355396276	0.9728696593533018
0.5310753274182648	0.17562296505607627
-0.2402883370168285	0.5665013273414767

conc,pcc,rbf,10,0.01,
-0.14375444141633797	0.712142348125164
0.47599855245576245	0.1952418306073458
0.1896071078364622	0.6251212773069625
0.42605770485848055	0.25285007078671673
0.8204134646916762	0.012599530126040788
0.452264645749831	0.26054273639429737
0.08697663017835622	0.8377394174511172
0.43713046385771914	0.27880534415515307
0.4548828797189819	0.257445697473075
-0.1727574414390463	0.6824670532281759

conc,pcc,rbf,100,0.01,
-0.2680343295270672	0.48560759189710734
0.6541279520814838	0.05596645034138177
0.2582954674783881	0.5021884515094541
0.460720445355087	0.2119998058202102
0.8751363749097586	0.00442246103568544
0.6875063296702014	0.05952683859818793
-0.04738578072049668	0.9112845723201354
0.7398467175259855	0.03587610298822265
0.39154912481490917	0.33743009754777287
-0.17484230822724198	0.6787905249597488

conc,pcc,rbf,1,0.1,
0.07458254908348519	0.8487642214403193
0.30147464417353176	0.4304750881149166
0.30683357866640953	0.421910400782532
0.3793977217915821	0.31390777787957824
0.8097951931615365	0.014842294914439964
-0.043079558246450954	0.9193257090561147
0.00015061077269203083	0.9997176048054731
0.35200343590012595	0.39248632469335726
0.5004411664461421	0.20656623098602164
-0.18539288017110456	0.6602712828049527

conc,pcc,rbf,10,0.1,
-0.10460489464025119	0.7888342464866358
0.5541819232395009	0.12154377974060651
0.3450557298141873	0.3631205351535464
0.4395283534660158	0.23651109142690105
0.9089351649404678	0.0017613607045579643
-0.044699980421150094	0.9162991129205437
-0.0670605740519524	0.8746378894234563
0.6647348900427259	0.0721107665955976
0.4389369624454648	0.276593281595035
-0.20941179218775047	0.6186811161336938

conc,pcc,rbf,100,0.1,
-0.10460489464025119	0.7888342464866358
0.5541819232395009	0.12154377974060651
0.3450557298141873	0.3631205351535464
0.4395283534660158	0.23651109142690105
0.9089351649404678	0.0017613607045579643
-0.044699980421150094	0.9162991129205437
-0.0670605740519524	0.8746378894234563
0.6647348900427259	0.0721107665955976
0.4389369624454648	0.276593281595035
-0.20941179218775047	0.6186811161336938

conc,pcc,rbf,1,1,
0.10995561913316136	0.7782448331095942
0.4867577312247836	0.18390217668186776
0.09965391767927864	0.7986592945144091
-0.06184658809417697	0.8744080765961663
0.727693778231491	0.040731332218276725
0.012956353946819385	0.9757095548948784
-0.37271886070752336	0.3631771080355426
0.525481437544032	0.1810741507091504
0.5790012686342635	0.132602697689188
-0.378068244944155	0.3557747456981676

conc,pcc,rbf,10,1,
0.10001253229156641	0.7979467982242865
0.5533242759164818	0.12224318987439364
0.05793989311483122	0.8822955240537806
-0.011715849328535699	0.9761353976143807
0.713298784051551	0.046973444437133784
0.1286471961333604	0.7614346984162651
-0.3543258914140268	0.3891502395371968
0.5442596733260476	0.1631292880634497
0.5874880724592395	0.12567475836395753
-0.38280276649247347	0.34928120749905145

conc,pcc,rbf,100,1,
0.10001253229156641	0.7979467982242865
0.5533242759164818	0.12224318987439364
0.05793989311483122	0.8822955240537806
-0.011715849328535699	0.9761353976143807
0.713298784051551	0.046973444437133784
0.1286471961333604	0.7614346984162651
-0.3543258914140268	0.3891502395371968
0.5442596733260476	0.1631292880634497
0.5874880724592395	0.12567475836395753
-0.38280276649247347	0.34928120749905145

conc,pcc,rbf,1,10,
nan	nan
nan	nan
nan	nan
nan	nan
nan	nan
nan	nan
nan	nan
nan	nan
nan	nan
nan	nan

conc,pcc,rbf,10,10,
nan	nan
nan	nan
nan	nan
nan	nan
nan	nan
nan	nan
nan	nan
nan	nan
nan	nan
nan	nan

conc,pcc,rbf,100,10,
nan	nan
nan	nan
nan	nan
nan	nan
nan	nan
nan	nan
nan	nan
nan	nan
nan	nan
nan	nan

